16 0.5793886507605837 0.715134097086663 0.09499924997118057 0.19061731980970506
2 0.48647271767473554 0.7130800311404377 0.08958262606931569 0.19719033083762597
3 0.33366142413556693 0.525338403655448 0.08187435359358329 0.1643252756980217
5 0.3828277026294236 0.5195870190060173 0.08104102683945015 0.16432527569802155
6 0.41438995344221724 0.5191762058167723 0.06916612059305258 0.1651469020765117
7 0.4592854323211414 0.5177383596544146 0.0635411650026537 0.16227120975179632
9 0.4977226288555335 0.5167113266813019 0.06833279383891941 0.1659685284550018
12 0.5304307039552603 0.5183545794382822 0.06458282344532008 0.16514690207651178
14 0.5655345934731197 0.5163005134920569 0.06520781851092003 0.1651469020765117
0 0.6027217998763109 0.5169167332759237 0.0704161107242514 0.16473608888726607
18 0.6423537642227223 0.5184687260310369 0.06978311976793947 0.16445954972460203
20 0.6784503686581634 0.517122139870547 0.07437441280638496 0.16925503396896233
19 0.7301166274144195 0.5146572607350767 0.09979087880744629 0.16103877018406124
