7 0.48893529144756004 0.2110960757780785 0.07617097172025147 0.16238159675236807
8 0.27277442575495453 0.44654939106901215 0.12008936982922527 0.15155615696887692
8 0.2110141784142101 0.5162381596752368 0.1091097703019818 0.21515561569688763
16 0.17258558006885802 0.5568335588633287 0.11185467018379269 0.23139377537212447
2 0.5307950146451756 0.686062246278755 0.0898954711293058 0.21921515561569685
13 0.549323088847399 0.6102841677943167 0.09813017077473837 0.2029769959404601
12 0.5980450617495419 0.5257104194857917 0.11734446994741432 0.1610284167794317
1 0.8783679621794761 0.5162381596752368 0.12763784450420515 0.22327469553450613
8 0.8790541871499289 0.44925575101488496 0.12489294462239428 0.2083897158322057
17 0.8965529238964731 0.36129905277401897 0.12832406947465785 0.17050067658998644
